0.000000000000000000e+00
0.000000000000000000e+00
0.000000000000000000e+00
0.000000000000000000e+00
0.000000000000000000e+00
2.321802309091016703e-01
8.321802309091016481e-01
1.141223007348432184e+00
1.134358594322657066e+00
1.035057581311021879e+00
9.611284719183640357e-01
9.262370763114995409e-01
9.135602883776546834e-01
9.097297884100493670e-01
9.087243611417219480e-01
9.084884912227669806e-01
9.084884912227669806e-01
6.763082603136653104e-01
7.630826031366530482e-02
-2.327345161256651196e-01
-2.258701030998900294e-01
-1.265690900882549264e-01
-5.263998069559708975e-02
-1.774858508873256718e-02
-5.071797154887739204e-03
-1.241297187282385493e-03
-2.358699189549879390e-04
0.000000000000000000e+00
0.000000000000000000e+00
2.321802309091016703e-01
8.321802309091016481e-01
1.141223007348432184e+00
1.134358594322657066e+00
1.035057581311021879e+00
9.611284719183640357e-01
9.262370763114995409e-01
9.135602883776546834e-01
9.097297884100493670e-01
9.087243611417219480e-01
9.084884912227669806e-01
9.084884912227669806e-01
6.763082603136653104e-01
7.630826031366530482e-02
-2.327345161256651196e-01
-2.258701030998900294e-01
-1.265690900882549264e-01
-5.263998069559708975e-02
-1.774858508873256718e-02
-5.071797154887739204e-03
-1.241297187282385493e-03
-2.358699189549879390e-04
0.000000000000000000e+00
0.000000000000000000e+00
2.321802309091016703e-01
8.321802309091016481e-01
1.141223007348432184e+00
1.134358594322657066e+00
1.035057581311021879e+00
9.611284719183640357e-01
9.262370763114995409e-01
9.135602883776546834e-01
9.097297884100493670e-01
9.087243611417219480e-01
9.084884912227669806e-01
9.084884912227669806e-01
6.763082603136653104e-01
7.630826031366530482e-02
-2.327345161256651196e-01
-2.258701030998900294e-01
-1.265690900882549264e-01
-5.263998069559708975e-02
-1.774858508873256718e-02
-5.071797154887739204e-03
-1.241297187282385493e-03
-2.358699189549879390e-04
0.000000000000000000e+00
0.000000000000000000e+00
2.321802309091016703e-01
8.321802309091016481e-01
1.141223007348432184e+00
1.134358594322657066e+00
1.035057581311021879e+00
9.611284719183640357e-01
9.262370763114995409e-01
9.135602883776546834e-01
9.097297884100493670e-01
9.087243611417219480e-01
9.084884912227669806e-01
9.084884912227669806e-01
6.763082603136653104e-01
7.630826031366530482e-02
-2.327345161256651196e-01
-2.258701030998900294e-01
-1.265690900882549264e-01
-5.263998069559708975e-02
-1.774858508873256718e-02
-5.071797154887739204e-03
-1.241297187282385493e-03
-2.358699189549879390e-04
0.000000000000000000e+00
0.000000000000000000e+00
2.321802309091016703e-01
8.321802309091016481e-01
1.141223007348432184e+00
1.134358594322657066e+00
1.035057581311021879e+00
9.611284719183640357e-01
9.262370763114995409e-01
9.135602883776546834e-01
9.097297884100493670e-01
9.087243611417219480e-01
9.084884912227669806e-01
9.084884912227669806e-01
6.763082603136653104e-01
7.630826031366530482e-02
-2.327345161256651196e-01
-2.258701030998900294e-01
-1.265690900882549264e-01
-5.263998069559708975e-02
-1.774858508873256718e-02
-5.071797154887739204e-03
-1.241297187282385493e-03
-2.358699189549879390e-04
0.000000000000000000e+00
0.000000000000000000e+00
2.321802309091016703e-01
8.321802309091016481e-01
1.141223007348432184e+00
1.134358594322657066e+00
1.035057581311021879e+00
9.611284719183640357e-01
9.262370763114995409e-01
9.135602883776546834e-01
9.097297884100493670e-01
9.087243611417219480e-01
9.084884912227669806e-01
9.084884912227669806e-01
6.763082603136653104e-01
7.630826031366530482e-02
-2.327345161256651196e-01
-2.258701030998900294e-01
-1.265690900882549264e-01
-5.263998069559708975e-02
-1.774858508873256718e-02
-5.071797154887739204e-03
-1.241297187282385493e-03
-2.358699189549879390e-04
0.000000000000000000e+00
0.000000000000000000e+00
2.321802309091016703e-01
8.321802309091016481e-01
1.141223007348432184e+00
1.134358594322657066e+00
1.035057581311021879e+00
9.611284719183640357e-01
9.262370763114995409e-01
9.135602883776546834e-01
9.097297884100493670e-01
9.087243611417219480e-01
9.084884912227669806e-01
9.084884912227669806e-01
6.763082603136653104e-01
7.630826031366530482e-02
-2.327345161256651196e-01
-2.258701030998900294e-01
-1.265690900882549264e-01
-5.263998069559708975e-02
-1.774858508873256718e-02
-5.071797154887739204e-03
-1.241297187282385493e-03
-2.358699189549879390e-04
0.000000000000000000e+00
0.000000000000000000e+00
