0.000000
0.000000
0.000000
0.000000
0.000000
0.232180
0.832180
1.141223
1.134359
1.035058
0.961128
0.926237
0.913560
0.909730
0.908724
0.908488
0.908488
0.676308
0.076308
-0.232735
-0.225870
-0.126569
-0.052640
-0.017749
-0.005072
-0.001241
-0.000236
0.000000
0.000000
0.232180
0.832180
1.141223
1.134359
1.035058
0.961128
0.926237
0.913560
0.909730
0.908724
0.908488
0.908488
0.676308
0.076308
-0.232735
-0.225870
-0.126569
-0.052640
-0.017749
-0.005072
-0.001241
-0.000236
0.000000
0.000000
0.232180
0.832180
1.141223
1.134359
1.035058
0.961128
0.926237
0.913560
0.909730
0.908724
0.908488
0.908488
0.676308
0.076308
-0.232735
-0.225870
-0.126569
-0.052640
-0.017749
-0.005072
-0.001241
-0.000236
0.000000
0.000000
0.232180
0.832180
1.141223
1.134359
1.035058
0.961128
0.926237
0.913560
0.909730
0.908724
0.908488
0.908488
0.676308
0.076308
-0.232735
-0.225870
-0.126569
-0.052640
-0.017749
-0.005072
-0.001241
-0.000236
0.000000
0.000000
0.232180
0.832180
1.141223
1.134359
1.035058
0.961128
0.926237
0.913560
0.909730
0.908724
0.908488
0.908488
0.676308
0.076308
-0.232735
-0.225870
-0.126569
-0.052640
-0.017749
-0.005072
-0.001241
-0.000236
0.000000
0.000000
0.232180
0.832180
1.141223
1.134359
1.035058
0.961128
0.926237
0.913560
0.909730
0.908724
0.908488
0.908488
0.676308
0.076308
-0.232735
-0.225870
-0.126569
-0.052640
-0.017749
-0.005072
-0.001241
-0.000236
0.000000
0.000000
0.232180
0.832180
1.141223
1.134359
1.035058
0.961128
0.926237
0.913560
0.909730
0.908724
0.908488
0.908488
0.676308
0.076308
-0.232735
-0.225870
-0.126569
-0.052640
-0.017749
-0.005072
-0.001241
-0.000236
0.000000
0.000000
